waterfall = 66.79714924832112%
dog1 = 80.46031746031747%
person_motorcycle = 61.72949735449735%
alligator = 49.04267361111111%
coffee = 70.80666135881104%
coke_bottle_caps = 15.38341435185185%
comic = 41.923654351736545%
person = 71.15267996870109%
pizza = 75.08163265306123%
rabbit = 72.33231481481481%
space_shuttle = 56.9042606826645%
watch = 79.68620689655173%